MEMORY
  total           13480 KB
  struct            158 KB
  buffer             10 KB
  arena           13312 KB, used 0.1%

SIZES
  narena                13631488
  nbuffer               10352
  nplugin               0
  maxuse_stack          17328
  maxuse_arena          19288
  maxuse_con            5
  maxuse_efc            22
  ncon                  5
  ne                    0
  nf                    2
  nl                    0
  nefc                  22
  nJ                    176
  nY                    0
  nA                    0
  nisland               1
  nidof                 8
  ntree_awake           1
  nbody_awake           5
  nparent_awake         4
  nv_awake              8
  flg_energypos         0
  flg_energyvel         0
  flg_subtreevel        0
  flg_rnepost           0
  threadpool            0

TIMER
    0:  duration =  5.5e+02    number = 18762
    1:  duration =  4.2e+02    number = 18762
    2:  duration =  0          number = 0
    3:  duration =  2.4e+02    number = 18762
    4:  duration =  29         number = 18762
    5:  duration =  9.9        number = 18762
    6:  duration =  1.1e+02    number = 18762
    7:  duration =  1.3e+02    number = 18762
    8:  duration =  41         number = 18762
    9:  duration =  22         number = 18762
    10:  duration =  79         number = 18762
    11:  duration =  88         number = 18762
    12:  duration =  1.8        number = 18762
    13:  duration =  29         number = 18762
    14:  duration =  46         number = 18762

SOLVER STAT
  solver_fwdinv =   0         0       
  ISLAND 0
    solver_niter = 1
    solver_nnz = 64
      0:  improvement =  3.9e-29     gradient =  7.8e-16     lineslope =  0       
          nactive = 22   nchange = 0   neval = 2   nupdate = 0

ENERGY =   0         0       

TIME =  38      

QPOS
  -0.045   
   8.9e-11 
   0.016   
   1       
  -2.9e-09 
  -0.0061  
   1.2e-10 
   1.9e-06 
   1.9e-06 

QVEL
  -4.4e-11 
  -7.5e-18 
   8.4e-16 
   6.5e-16 
  -1.6e-15 
   3.8e-16 
  -3.8e-09 
  -3.8e-09 

QACC_WARMSTART
  -6.7e-16 
  -2.6e-15 
   5.5e-16 
   2e-13   
  -4.5e-14 
  -1.2e-15 
  -1.5e-15 
  -1.5e-15 

CTRL
   0       
   0       

QFRC_APPLIED
   0       
   0       
   0       
   0       
   0       
   0       
   0       
   0       

XFRC_APPLIED
   0         0         0         0         0         0       
   0         0         0         0         0         0       
   0         0         0         0         0         0       
   0         0         0         0         0         0       
   0         0         0         0         0         0       

QACC
  -6.7e-16 
  -2.6e-15 
   5.5e-16 
   2e-13   
  -4.5e-14 
  -1.2e-15 
  -1.5e-15 
  -1.5e-15 

TREE_ASLEEP
  -11

XPOS
   0         0         0       
  -0.045     8.9e-11   0.016   
  -0.045     0.045     0.016   
  -0.045    -0.044     0.016   
  -0.086     2e-11     0.0054  

XQUAT
   1         0         0         0       
   1        -2.9e-09  -0.0061    1.2e-10 
   1        -2.9e-09  -0.0061    1.2e-10 
   1        -2.9e-09  -0.0061    1.2e-10 
   1        -2.9e-09  -0.0061    1.2e-10 

XMAT
   1         0         0         0         1         0         0         0         1       
   1        -2e-10    -0.012     2.7e-10   1         5.8e-09   0.012    -5.8e-09   1       
   1        -2e-10    -0.012     2.7e-10   1         5.8e-09   0.012    -5.8e-09   1       
   1        -2e-10    -0.012     2.7e-10   1         5.8e-09   0.012    -5.8e-09   1       
   1        -2e-10    -0.012     2.7e-10   1         5.8e-09   0.012    -5.8e-09   1       

XIPOS
   0         0         0       
  -0.056     9.4e-11   0.017   
  -0.045     0.045     0.016   
  -0.045    -0.044     0.016   
  -0.086     2e-11     0.0054  

XIMAT
   1         0         0         0         1         0         0         0         1       
   0.04      2e-10     1         5.8e-09  -1        -3.6e-11   1         5.8e-09  -0.04    
  -2e-10    -1        -0.012     1        -2.7e-10   5.8e-09  -5.8e-09  -0.012     1       
  -2e-10    -1        -0.012     1        -2.7e-10   5.8e-09  -5.8e-09  -0.012     1       
   1        -2e-10    -0.012     2.7e-10   1         5.8e-09   0.012    -5.8e-09   1       

XANCHOR
  -0.045     8.9e-11   0.016   
  -0.045     0.045     0.016   
  -0.045    -0.044     0.016   

XAXIS
   0         0         1       
  -2e-10     1        -5.8e-09 
  -2e-10     1        -5.8e-09 

GEOM_XPOS
   0         0         0       
  -0.051     8.8e-11   0.016   
  -0.075     1.2e-10   0.022   
  -0.045     0.045     0.016   
  -0.045     0.045     0.032   
  -0.045    -0.044     0.016   
  -0.045    -0.044     0.032   
  -0.086     2e-11     0.0054  

GEOM_XMAT
   1         0         0         0         1         0         0         0         1       
   1        -2e-10    -0.012     2.7e-10   1         5.8e-09   0.012    -5.8e-09   1       
   1        -2e-10    -0.012     2.7e-10   1         5.8e-09   0.012    -5.8e-09   1       
   1        -0.012     4.5e-08   2.7e-10  -3.7e-06  -1         0.012     1        -3.7e-06 
   1        -2e-10    -0.012     2.7e-10   1         5.8e-09   0.012    -5.8e-09   1       
   1        -0.012     4.5e-08   2.7e-10  -3.7e-06  -1         0.012     1        -3.7e-06 
   1        -2e-10    -0.012     2.7e-10   1         5.8e-09   0.012    -5.8e-09   1       
   1        -2e-10    -0.012     2.7e-10   1         5.8e-09   0.012    -5.8e-09   1       

CAM_XPOS
  -0.045    -0.6       0.27    

CAM_XMAT
   1         0         0         0         0.51     -0.86      0         0.86      0.51    

LIGHT_XPOS
   0         0         1.5     

LIGHT_XDIR
   0         0        -1       

SUBTREE_COM
  -0.056     9.3e-11   0.017   
  -0.056     9.3e-11   0.017   
  -0.045     0.045     0.016   
  -0.045    -0.044     0.016   
  -0.086     2e-11     0.0054  

CDOF
   0         0         0         1         0         0       
   0         0         0         0         1         0       
   0         0         0         0         0         1       
   1         2.7e-10   0.012     2.5e-13  -0.0012    7.2e-12 
  -2e-10     1        -5.8e-09   0.0011    6.4e-11   0.011   
  -0.012     5.8e-09   1         2.2e-12  -0.011     6.4e-11 
  -2e-10     1        -5.8e-09   0.0011    6.4e-11   0.011   
  -2e-10     1        -5.8e-09   0.0011    6.4e-11   0.011   

CINERT
   0         0         0         0         0         0         0         0         0         0       
   8.1e-05   9.8e-05   0.00017   1.7e-14   3.4e-06   3.9e-13  -5.1e-05   7.6e-14   1.5e-05   0.18    
   6.6e-06   8.1e-07   7e-06    -1.6e-06   3.8e-08   1.5e-07   3.6e-05   0.00014  -3.4e-06   0.0032  
   6.6e-06   8.1e-07   7e-06     1.6e-06   3.8e-08  -1.5e-07   3.6e-05  -0.00014  -3.4e-06   0.0032  
   1e-07     7.2e-07   6.3e-07  -1.5e-15  -2.4e-07  -5.9e-16  -2.1e-05  -5.1e-14  -8.1e-06   0.0007  

ACTUATOR_LENGTH
   1.9e-06 
   1.9e-06 

actuator_moment
----------
       x  |
        x |
----------

ACTUATOR_MOMENT
     6:  1       
     7:  1       

CRB
   0         0         0         0         0         0         0         0         0         0       
   9.5e-05   0.0001    0.00018   1.8e-14   3.3e-06   4.7e-13  -2.4e-18  -2.7e-20   3.1e-19   0.19    
   6.6e-06   8.1e-07   7e-06    -1.6e-06   3.8e-08   1.5e-07   3.6e-05   0.00014  -3.4e-06   0.0032  
   6.6e-06   8.1e-07   7e-06     1.6e-06   3.8e-08  -1.5e-07   3.6e-05  -0.00014  -3.4e-06   0.0032  
   1e-07     7.2e-07   6.3e-07  -1.5e-15  -2.4e-07  -5.9e-16  -2.1e-05  -5.1e-14  -8.1e-06   0.0007  

QM
   0.19    
   0         0.19    
   0         0         0.19    
   4.6e-14  -0.00023   1.3e-12   9.5e-05 
   0.00021   1.2e-11   0.0021    1.4e-19   0.00012 
   4.1e-13  -0.0021    1.2e-11   6.9e-06   7.9e-22   0.0002  
   1.7e-07   4.6e-17   2.1e-09  -1.5e-14   4.1e-07  -7.7e-09   0.005   
   1.7e-07   4.6e-17   2.1e-09   1.5e-14   4.1e-07   7.7e-09             0.005   

M
     0:  0.19    
     0:  0          1:  0.19    
     0:  0          1:  0          2:  0.19    
     0:  4.6e-14    1: -0.00023    2:  1.3e-12    3:  9.5e-05 
     0:  0.00021    1:  1.2e-11    2:  0.0021     3:  1.4e-19    4:  0.00012 
     0:  4.1e-13    1: -0.0021     2:  1.2e-11    3:  6.9e-06    4:  7.9e-22    5:  0.0002  
     0:  1.7e-07    1:  4.6e-17    2:  2.1e-09    3: -1.5e-14    4:  4.1e-07    5: -7.7e-09    6:  0.005   
     0:  1.7e-07    1:  4.6e-17    2:  2.1e-09    3:  1.5e-14    4:  4.1e-07    5:  7.7e-09    7:  0.005   

QLD
     0:  0.19    
     0: -1.1e-10    1:  0.17    
     0: -0.023      1: -5.1e-10    2:  0.15    
     0:  3.4e-10    1: -1.7        2:  1e-08      3:  9.5e-05 
     0:  1.7        1:  9.7e-08    2:  17         3:  1.1e-15    4:  0.00012 
     0:  2e-09      1: -10         2:  5.9e-08    3:  0.034      4:  3.9e-18    5:  0.0002  
     0:  3.5e-05    1:  9.3e-15    2:  4.2e-07    3: -2.9e-12    4:  8.3e-05    5: -1.5e-06    6:  0.005   
     0:  3.5e-05    1:  9.3e-15    2:  4.2e-07    3:  2.9e-12    4:  8.3e-05    5:  1.5e-06    7:  0.005   

QLDIAGINV
   5.4     
   6       
   6.6     
   1.1e+04 
   8.1e+03 
   4.9e+03 
   2e+02   
   2e+02   

M: inertia structure
----------
 x        |
 xx       |
 xxx      |
 xxxx     |
 xxxxx    |
 xxxxxx   |
 xxxxxxx  |
 xxxxxx x |
----------

iM: block-diagonal inertia (nnzs are island ids)
----------
 0        |
 00       |
 000      |
 0000     |
 00000    |
 000000   |
 0000000  |
 000000 0 |
----------

TREE_AWAKE
  1

BODY_AWAKE
  -1 1 1 1 1

BODY_AWAKE_IND
  0 1 2 3 4

PARENT_AWAKE_IND
  1 2 3 4

DOF_AWAKE_IND
  0 1 2 3 4 5 6 7

QDERIV
     0:  0          1:  0          2:  0          3: -9.8e-20    4:  3.8e-17    5: -1.6e-18    6:  1.6e-17    7:  1.6e-17 
     0:  0          1:  0          2:  0          3: -2.8e-18    4:  5.7e-19    5:  2.6e-15    6: -1.4e-22    7: -1.4e-22 
     0:  0          1:  0          2:  0          3:  9.1e-19    4: -2.6e-15    5:  6.4e-19    6: -1.3e-15    7: -1.3e-15 
     0: -7.5e-37    1: -7e-30      2: -2.5e-35    3:  9.4e-21    4: -3.2e-20    5: -3.2e-15    6: -5.8e-17    7:  5.8e-17 
     0: -1.1e-32    1: -2e-37      2: -7.7e-28    3:  4.5e-20    4:  3.8e-30    5:  2.9e-20    6: -2.5e-31    7: -3.4e-31 
     0: -6.2e-35    1:  3.5e-29    2: -4.1e-36    3:  3.1e-15    4: -6.6e-21    5: -9.4e-21    6: -2e-23      7: -2.4e-22 
     0:  0          1: -9.8e-38    2: -1.7e-29    3:  9.5e-24    4: -2.4e-24    5: -8.8e-25    6: -0.7     
     0:  0          1:  6.4e-38    2:  1.6e-30    3: -1.2e-23    4:  2.4e-24    5: -8.8e-25    7: -0.7     

QLU
     0:  0.19       1: -1.1e-10    2: -0.023      3:  3.4e-10    4:  1.7        5:  2e-09      6:  2.7e-05    7:  2.7e-05 
     0: -1.8e-11    1:  0.17       2: -5.1e-10    3: -1.7        4:  9.7e-08    5: -10         6:  7.2e-15    7:  7.2e-15 
     0: -0.0035     1: -7.8e-11    2:  0.15       3:  1e-08      4:  17         5:  5.9e-08    6:  3.3e-07    7:  3.3e-07 
     0:  3.2e-14    1: -0.00016    2:  9.4e-13    3:  9.5e-05    4:  1.1e-15    5:  0.034      6: -2.3e-12    7:  2.3e-12 
     0:  0.00021    1:  1.2e-11    2:  0.0021     3:  1.4e-19    4:  0.00012    5:  3.6e-18    6:  6.5e-05    7:  6.5e-05 
     0:  4.1e-13    1: -0.0021     2:  1.2e-11    3:  6.9e-06    4:  8e-22      5:  0.0002     6: -1.2e-06    7:  1.2e-06 
     0:  1.7e-07    1:  4.6e-17    2:  2.1e-09    3: -1.5e-14    4:  4.1e-07    5: -7.7e-09    6:  0.0064  
     0:  1.7e-07    1:  4.6e-17    2:  2.1e-09    3:  1.5e-14    4:  4.1e-07    5:  7.7e-09    7:  0.0064  

CONTACT
  0:
     dim           3
     geoms         floor : left_wheel_geom
     exclude       0
     efc_address   2
     solref         0.011     1       
     solimp         0.93      0.97      0.001     0.5       2       
     dist          -5.5e-05 
     includemargin  0       
     pos           -0.045     0.043    -2.8e-05 
     frame          0         0         1         0         1         0        -1         0         0       
     friction       1         1         0.005     0.0001    0.0001  
     mu             1       
     force          0.33     -3.9e-16   1.2e-09   0         0         0       
  1:
     dim           3
     geoms         floor : left_wheel_geom
     exclude       0
     efc_address   6
     solref         0.011     1       
     solimp         0.93      0.97      0.001     0.5       2       
     dist          -5.5e-05 
     includemargin  0       
     pos           -0.045     0.047    -2.8e-05 
     frame          0         0         1         0         1         0        -1         0         0       
     friction       1         1         0.005     0.0001    0.0001  
     mu             1       
     force          0.33     -3.7e-16   1.2e-09   0         0         0       
  2:
     dim           3
     geoms         floor : right_wheel_geom
     exclude       0
     efc_address   10
     solref         0.011     1       
     solimp         0.93      0.97      0.001     0.5       2       
     dist          -5.5e-05 
     includemargin  0       
     pos           -0.045    -0.046    -2.8e-05 
     frame          0         0         1         0         1         0        -1         0         0       
     friction       1         1         0.005     0.0001    0.0001  
     mu             1       
     force          0.33     -3.9e-16   1.2e-09   0         0         0       
  3:
     dim           3
     geoms         floor : right_wheel_geom
     exclude       0
     efc_address   14
     solref         0.011     1       
     solimp         0.93      0.97      0.001     0.5       2       
     dist          -5.5e-05 
     includemargin  0       
     pos           -0.045    -0.042    -2.8e-05 
     frame          0         0         1         0         1         0        -1         0         0       
     friction       1         1         0.005     0.0001    0.0001  
     mu             1       
     force          0.33     -3.9e-16   1.2e-09   0         0         0       
  4:
     dim           3
     geoms         floor : caster_geom
     exclude       0
     efc_address   18
     solref         0.011     1       
     solimp         0.93      0.97      0.001     0.5       2       
     dist          -5.4e-05 
     includemargin  0       
     pos           -0.086     2e-11    -2.7e-05 
     frame          0         0         1         0         1         0        -1         0         0       
     friction       1         1         0.005     0.0001    0.0001  
     mu             1       
     force          0.5       1e-15    -4.7e-09   0         0         0       

EFC_TYPE
  1
  1
  6
  6
  6
  6
  6
  6
  6
  6
  6
  6
  6
  6
  6
  6
  6
  6
  6
  6
  6
  6

EFC_ID
  6
  7
  0
  0
  0
  0
  1
  1
  1
  1
  2
  2
  2
  2
  3
  3
  3
  3
  4
  4
  4
  4

EFC_J
   0         0         0         0         0         0         1         0       
   0         0         0         0         0         0         0         1       
   0         1         1         0.058    -9.3e-11  -0.00071  -9.3e-11   0       
   0        -1         1         0.027    -8.6e-11  -0.00032  -8.6e-11   0       
  -1         0         1         0.043     0.016     0.042     0.016     0       
   1         0         1         0.042    -0.016    -0.043    -0.016     0       
   0         1         1         0.062     8.6e-11  -0.00076   8.6e-11   0       
   0        -1         1         0.031     9.3e-11  -0.00037   9.3e-11   0       
  -1         0         1         0.047     0.016     0.046     0.016     0       
   1         0         1         0.046    -0.016    -0.047    -0.016     0       
   0         1         1        -0.031    -9.3e-11   0.00037   0        -9.3e-11 
   0        -1         1        -0.062    -8.6e-11   0.00076   0        -8.6e-11 
  -1         0         1        -0.047     0.016    -0.046     0         0.016   
   1         0         1        -0.046    -0.016     0.047     0        -0.016   
   0         1         1        -0.027     8.6e-11   0.00032   0         8.6e-11 
   0        -1         1        -0.058     9.3e-11   0.00071   0         9.3e-11 
  -1         0         1        -0.043     0.016    -0.042     0         0.016   
   1         0         1        -0.042    -0.016     0.043     0        -0.016   
   0         1         1         0.015     0.041    -0.041     0         0       
   0        -1         1        -0.015     0.041     0.041     0         0       
  -1         0         1        -5.4e-11   0.057     2.6e-10   0         0       
   1         0         1        -6.1e-11   0.025     2.1e-10   0         0       

IEFC_J
   0         0         0         0         0         0         1         0       
   0         0         0         0         0         0         0         1       
   0         1         1         0.058    -9.3e-11  -0.00071  -9.3e-11   0       
   0        -1         1         0.027    -8.6e-11  -0.00032  -8.6e-11   0       
  -1         0         1         0.043     0.016     0.042     0.016     0       
   1         0         1         0.042    -0.016    -0.043    -0.016     0       
   0         1         1         0.062     8.6e-11  -0.00076   8.6e-11   0       
   0        -1         1         0.031     9.3e-11  -0.00037   9.3e-11   0       
  -1         0         1         0.047     0.016     0.046     0.016     0       
   1         0         1         0.046    -0.016    -0.047    -0.016     0       
   0         1         1        -0.031    -9.3e-11   0.00037   0        -9.3e-11 
   0        -1         1        -0.062    -8.6e-11   0.00076   0        -8.6e-11 
  -1         0         1        -0.047     0.016    -0.046     0         0.016   
   1         0         1        -0.046    -0.016     0.047     0        -0.016   
   0         1         1        -0.027     8.6e-11   0.00032   0         8.6e-11 
   0        -1         1        -0.058     9.3e-11   0.00071   0         9.3e-11 
  -1         0         1        -0.043     0.016    -0.042     0         0.016   
   1         0         1        -0.042    -0.016     0.043     0        -0.016   
   0         1         1         0.015     0.041    -0.041     0         0       
   0        -1         1        -0.015     0.041     0.041     0         0       
  -1         0         1        -5.4e-11   0.057     2.6e-10   0         0       
   1         0         1        -6.1e-11   0.025     2.1e-10   0         0       

EFC_POS
   0       
   0       
  -5.5e-05 
  -5.5e-05 
  -5.5e-05 
  -5.5e-05 
  -5.5e-05 
  -5.5e-05 
  -5.5e-05 
  -5.5e-05 
  -5.5e-05 
  -5.5e-05 
  -5.5e-05 
  -5.5e-05 
  -5.5e-05 
  -5.5e-05 
  -5.5e-05 
  -5.5e-05 
  -5.4e-05 
  -5.4e-05 
  -5.4e-05 
  -5.4e-05 

EFC_MARGIN
   0       
   0       
   0       
   0       
   0       
   0       
   0       
   0       
   0       
   0       
   0       
   0       
   0       
   0       
   0       
   0       
   0       
   0       
   0       
   0       
   0       
   0       

EFC_FRICTIONLOSS
   0.02    
   0.02    
   0       
   0       
   0       
   0       
   0       
   0       
   0       
   0       
   0       
   0       
   0       
   0       
   0       
   0       
   0       
   0       
   0       
   0       
   0       
   0       

EFC_DIAGA
   2e+02   
   2e+02   
   66      
   66      
   66      
   66      
   66      
   66      
   66      
   66      
   66      
   66      
   66      
   66      
   66      
   66      
   66      
   66      
   44      
   44      
   44      
   44      

EFC_KBIP
   0         1.1e+02   0.9       0       
   0         1.1e+02   0.9       0       
   8.8e+03   1.9e+02   0.93     -10      
   8.8e+03   1.9e+02   0.93     -10      
   8.8e+03   1.9e+02   0.93     -10      
   8.8e+03   1.9e+02   0.93     -10      
   8.8e+03   1.9e+02   0.93     -9.9     
   8.8e+03   1.9e+02   0.93     -9.9     
   8.8e+03   1.9e+02   0.93     -9.9     
   8.8e+03   1.9e+02   0.93     -9.9     
   8.8e+03   1.9e+02   0.93     -10      
   8.8e+03   1.9e+02   0.93     -10      
   8.8e+03   1.9e+02   0.93     -10      
   8.8e+03   1.9e+02   0.93     -10      
   8.8e+03   1.9e+02   0.93     -9.9     
   8.8e+03   1.9e+02   0.93     -9.9     
   8.8e+03   1.9e+02   0.93     -9.9     
   8.8e+03   1.9e+02   0.93     -9.9     
   8.8e+03   1.9e+02   0.93     -9.7     
   8.8e+03   1.9e+02   0.93     -9.7     
   8.8e+03   1.9e+02   0.93     -9.7     
   8.8e+03   1.9e+02   0.93     -9.7     

EFC_D
   0.045   
   0.045   
   0.19    
   0.19    
   0.19    
   0.19    
   0.19    
   0.19    
   0.19    
   0.19    
   0.19    
   0.19    
   0.19    
   0.19    
   0.19    
   0.19    
   0.19    
   0.19    
   0.28    
   0.28    
   0.28    
   0.28    

EFC_R
   22      
   22      
   5.4     
   5.4     
   5.4     
   5.4     
   5.4     
   5.4     
   5.4     
   5.4     
   5.4     
   5.4     
   5.4     
   5.4     
   5.4     
   5.4     
   5.4     
   5.4     
   3.5     
   3.5     
   3.5     
   3.5     

ACTUATOR_VELOCITY
  -3.8e-09 
  -3.8e-09 

CVEL
   0         0         0         0         0         0       
   3.1e-16  -1.4e-15   3.7e-16  -4.4e-11  -7.2e-18   8.2e-16 
   3.1e-16  -3.8e-09   4e-16    -4.8e-11  -7.4e-18  -4.2e-11 
   3.1e-16  -3.8e-09   4e-16    -4.8e-11  -7.4e-18  -4.2e-11 
   3.1e-16  -1.4e-15   3.7e-16  -4.4e-11  -7.2e-18   8.2e-16 

CDOF_DOT
   0         0         0         0         0         0       
   0         0         0         0         0         0       
   0         0         0         0         0         0       
   0         0         0        -3.2e-20   5.3e-13   2.7e-18 
  -0         0         0        -8.3e-16  -2.5e-19  -4.4e-11 
   0        -0         0        -2.7e-18   4.4e-11  -2.9e-19 
  -3.7e-16   1.7e-24   3.1e-16  -8.3e-16  -3.3e-18  -4.4e-11 
  -3.7e-16   1.7e-24   3.1e-16  -8.3e-16  -3.3e-18  -4.4e-11 

QFRC_BIAS
   6e-26   
  -1e-30   
   1.8     
   1.3e-11 
   0.02    
   1.2e-10 
   2.1e-08 
   2.1e-08 

QFRC_SPRING
   0       
   0       
   0       
   0       
   0       
   0       
   0       
   0       

QFRC_DAMPER
   0       
   0       
   0       
   0       
   0       
   0       
   7.6e-10 
   7.6e-10 

QFRC_GRAVCOMP
   0       
   0       
   0       
   0       
   0       
   0       
   0       
   0       

QFRC_FLUID
   0       
   0       
   0       
   0       
   0       
   0       
   0       
   0       

QFRC_PASSIVE
   0       
   0       
   0       
   0       
   0       
   0       
   7.6e-10 
   7.6e-10 

EFC_VEL
  -3.8e-09 
  -3.8e-09 
   8.5e-16 
   8.5e-16 
  -1.7e-11 
   1.7e-11 
   8.5e-16 
   8.5e-16 
  -1.7e-11 
   1.7e-11 
   8.2e-16 
   8.2e-16 
  -1.7e-11 
   1.7e-11 
   8.2e-16 
   8.2e-16 
  -1.7e-11 
   1.7e-11 
   7.7e-16 
   7.9e-16 
   4.4e-11 
  -4.4e-11 

EFC_AREF
   4e-07   
   4e-07   
   0.45    
   0.45    
   0.45    
   0.45    
   0.45    
   0.45    
   0.45    
   0.45    
   0.45    
   0.45    
   0.45    
   0.45    
   0.45    
   0.45    
   0.45    
   0.45    
   0.44    
   0.44    
   0.44    
   0.44    

SUBTREE_LINVEL
   0         0         0       
   0         0         0       
   0         0         0       
   0         0         0       
   0         0         0       

SUBTREE_ANGMOM
   0         0         0       
   0         0         0       
   0         0         0       
   0         0         0       
   0         0         0       

ACTUATOR_FORCE
   1.9e-09 
   1.9e-09 

QFRC_ACTUATOR
   0       
   0       
   0       
   0       
   0       
   0       
   1.9e-09 
   1.9e-09 

QFRC_SMOOTH
  -6e-26   
   1e-30   
  -1.8     
  -1.3e-11 
  -0.02    
  -1.2e-10 
  -1.8e-08 
  -1.8e-08 

QACC_SMOOTH
   3.9e-12 
  -1.9e-19 
  -9.8     
  -5.2e-16 
  -4.4e-09 
   1.6e-17 
   5.3e-07 
   5.3e-07 

EFC_B
   1.3e-07 
   1.3e-07 
  -10      
  -10      
  -10      
  -10      
  -10      
  -10      
  -10      
  -10      
  -10      
  -10      
  -10      
  -10      
  -10      
  -10      
  -10      
  -10      
  -10      
  -10      
  -10      
  -10      

EFC_FORCE
   1.8e-08 
   1.8e-08 
   0.084   
   0.084   
   0.084   
   0.084   
   0.084   
   0.084   
   0.084   
   0.084   
   0.084   
   0.084   
   0.084   
   0.084   
   0.084   
   0.084   
   0.084   
   0.084   
   0.12    
   0.12    
   0.12    
   0.12    

EFC_STATE
  1
  1
  1
  1
  1
  1
  1
  1
  1
  1
  1
  1
  1
  1
  1
  1
  1
  1
  1
  1
  1
  1

QFRC_CONSTRAINT
  -1.2e-16 
  -5e-16   
   1.8     
   1.3e-11 
   0.02    
   1.2e-10 
   1.8e-08 
   1.8e-08 

QFRC_INVERSE
   0       
   0       
   0       
   0       
   0       
   0       
   0       
   0       

CACC
   0         0         0         0         0         0       
   0         0         0         0         0         0       
   0         0         0         0         0         0       
   0         0         0         0         0         0       
   0         0         0         0         0         0       

CFRC_INT
   0         0         0         0         0         0       
   0         0         0         0         0         0       
   0         0         0         0         0         0       
   0         0         0         0         0         0       
   0         0         0         0         0         0       

CFRC_EXT
   0         0         0         0         0         0       
   0         0         0         0         0         0       
   0         0         0         0         0         0       
   0         0         0         0         0         0       
   0         0         0         0         0         0       

TREE_ISLAND
  0

ISLAND_NTREE
  1

ISLAND_ITREEADR
  0

MAP_ITREE2TREE
  0

DOF_ISLAND            0 0 0 0 0 0 0 0

ISLAND_NV             8

ISLAND_IDOFADR        0

MAP_IDOF2DOF          0 1 2 3 4 5 6 7

EFC_ISLAND            0 0 0 0 0 0 0 0 0 0 0 0 0 0 0 0 0 0 0 0 0 0

ISLAND_NEFC           22

ISLAND_IEFCADR        0

MAP_IEFC2EFC          0 1 2 3 4 5 6 7 8 9 10 11 12 13 14 15 16 17 18 19 20 21

